image_id,healthy,multiple_diseases,rust,scab
Test_0,0.07,0.075,0.31955824699660895,0.535441753003391
Test_1,0.08011088077802665,0.16970483849229523,0.12660927557775192,0.6235750051519262
Test_2,0.195,0.005,0.45,0.35
Test_3,0.79,0.01,0.075,0.125
Test_4,0.4356998235682854,0.005,0.3139557647962086,0.245344411635506
Test_5,0.755,0.015,0.115,0.115
Test_6,0.265,0.05,0.39,0.295
Test_7,0.045,0.025,0.435,0.495
Test_8,0.13,0.03,0.14514892947103275,0.6948510705289672
Test_9,0.3150953263719455,0.1,0.5127674152826234,0.07213725834543118
Test_10,0.2706396688799747,0.035,0.4521262233193525,0.24223410780067275
Test_11,0.395,0.29,0.085,0.23
Test_12,0.20758444346487814,0.08656247646312508,0.3646833729073824,0.34116970716461437
Test_13,0.255,0.08,0.2124381443298969,0.45256185567010304
Test_14,0.14094941592816887,0.12100075768215232,0.5252742959962953,0.21277553039338357
Test_15,0.185,0.0,0.815,0.0
Test_16,0.3191027860093736,0.05,0.31850393902166213,0.3123932749689643
Test_17,0.15636855167208707,0.20100075768215234,0.32532440588920464,0.3173062847565559
Test_18,0.18,0.025,0.55,0.245
Test_19,0.30348050036791757,0.01,0.345,0.3415194996320824
Test_20,0.06997802089675233,0.02,0.5587015584464171,0.3513204206568305
Test_21,0.3,0.0,0.55,0.15
Test_22,0.29477656439637046,0.026600764515154866,0.46251381430347843,0.21610885678499628
Test_23,0.075,0.025,0.225,0.675
Test_24,0.61,0.035,0.11,0.245
Test_25,0.38,0.02,0.4,0.2
Test_26,0.07504425714655381,0.019506953801109974,0.2760937432308036,0.6293550458215326
Test_27,0.07,0.045,0.48,0.405
Test_28,0.61,0.025,0.3,0.065
Test_29,0.07,0.06,0.11594845617826736,0.7540515438217327
Test_30,0.52,0.055,0.32,0.105
Test_31,0.53,0.02,0.13,0.32
Test_32,0.0550851290565719,0.06433458497640786,0.21028296418804182,0.6702973217789784
Test_33,0.005,0.005,0.02,0.97
Test_34,0.11133915487753629,0.17400325901607885,0.24202873961711968,0.4726288464892652
Test_35,0.14,0.02,0.375,0.465
Test_36,0.2,0.015,0.46,0.325
Test_37,0.135,0.015,0.075,0.775
Test_38,0.09,0.01,0.14529785894206548,0.7547021410579344
Test_39,0.24,0.045,0.385,0.33
Test_40,0.195,0.04,0.28,0.485
Test_41,0.42,0.04933150183150183,0.16,0.3706684981684982
Test_42,0.12113423127064432,0.055,0.23688506042163426,0.5869807083077214
Test_43,0.585,0.01,0.285,0.12
Test_44,0.115,0.125,0.135,0.625
Test_45,0.2976693002257336,0.05,0.14,0.5123306997742664
Test_46,0.315,0.045,0.41,0.23
Test_47,0.195,0.025,0.605,0.175
Test_48,0.18872894789453934,0.05,0.48976033926131174,0.27151071284414896
Test_49,0.5385752772680874,0.005,0.10587382501581258,0.3505508977161
Test_50,0.17,0.025,0.64,0.165
Test_51,0.425,0.04,0.44,0.095
Test_52,0.15616728568840876,0.049506953801109976,0.25377861143309965,0.5405471490773816
Test_53,0.53,0.06,0.29,0.12
Test_54,0.48,0.015,0.155,0.35
Test_55,0.5661342312706443,0.055,0.26188506042163423,0.1169807083077214
Test_56,0.295,0.22,0.15,0.335
Test_57,0.305,0.005,0.25,0.44
Test_58,0.10109347918468022,0.09,0.4430676206576845,0.3658389001576353
Test_59,0.365,0.005,0.1,0.53
Test_60,0.09,0.08,0.37,0.46
Test_61,0.13128869686205746,0.045,0.3339581919805432,0.48975311115739933
Test_62,0.08,0.02,0.23,0.67
Test_63,0.47,0.035,0.295,0.2
Test_64,0.1318206312548114,0.0749617119479702,0.23507035123757747,0.5581473055596409
Test_65,0.625,0.045,0.16,0.17
Test_66,0.625,0.075,0.08,0.22
Test_67,0.695,0.015,0.12,0.17
Test_68,0.14348050036791757,0.11,0.385,0.3615194996320824
Test_69,0.19,0.005,0.6,0.205
Test_70,0.1,0.015,0.175,0.71
Test_71,0.35387595395118226,0.045,0.5001241278891336,0.10099991815968408
Test_72,0.6585323383084577,0.0,0.2414676616915423,0.1
Test_73,0.63,0.01,0.26,0.1
Test_74,0.395,0.175,0.35,0.08
Test_75,0.08,0.01,0.065,0.845
Test_76,0.5524692895126067,0.015,0.2614131365708047,0.17111757391658855
Test_77,0.6968783068783069,0.005,0.13312169312169314,0.165
Test_78,0.08,0.02,0.325,0.575
Test_79,0.24,0.205,0.185,0.37
Test_80,0.205,0.035,0.17,0.59
Test_81,0.23002522439726744,0.04,0.6505263772260704,0.07944839837666227
Test_82,0.52,0.01,0.315,0.155
Test_83,0.285,0.065,0.24,0.41
Test_84,0.27,0.005,0.19,0.535
Test_85,0.09,0.075,0.18014892947103273,0.6548510705289672
Test_86,0.435,0.04,0.14,0.385
Test_87,0.05,0.035,0.10059843117408906,0.8144015688259109
Test_88,0.595,0.08,0.06,0.265
Test_89,0.2769898174878618,0.054811347843565145,0.4659647268679003,0.20223410780067275
Test_90,0.3876747528453571,0.22165279286482786,0.12038825664382741,0.2702841976459877
Test_91,0.725,0.0,0.175,0.1
Test_92,0.24,0.02,0.475,0.265
Test_93,0.035,0.01,0.08,0.875
Test_94,0.065,0.03,0.08514892947103274,0.8198510705289672
Test_95,0.235,0.02,0.6481570750519134,0.09684292494808662
Test_96,0.05,0.005,0.165,0.78
Test_97,0.2811198129583303,0.05482644286513751,0.47733163745442553,0.18672210672210673
Test_98,0.56,0.03,0.315,0.095
Test_99,0.2442420439447017,0.07634283828196488,0.5620251191388982,0.11738999863443525
Test_100,0.58,0.05,0.13,0.24
Test_101,0.22,0.01,0.66,0.11
Test_102,0.095,0.045,0.18,0.68
Test_103,0.35,0.155,0.34,0.155
Test_104,0.1627307692307692,0.03,0.40226923076923077,0.405
Test_105,0.057389481366434375,0.1398142493638677,0.3361425297752372,0.4666537394944607
Test_106,0.2259398876463328,0.12134283828196488,0.2966926089005112,0.35602466517119113
Test_107,0.38,0.04,0.3387030271398747,0.24129697286012525
Test_108,0.16396956799367526,0.20847067039106143,0.29836032301073206,0.3291994386045313
Test_109,0.12460907610907611,0.045,0.28009625145268324,0.5502946724382406
Test_110,0.1853277989263055,0.055,0.5488135480722304,0.2108586530014641
Test_111,0.15682063125481138,0.12,0.11,0.6131793687451886
Test_112,0.23,0.025,0.055,0.69
Test_113,0.48,0.045,0.21,0.265
Test_114,0.27382093297933763,0.13,0.4299868522162681,0.1661922148043943
Test_115,0.11524844752662176,0.015,0.3503518802483795,0.5193996722249988
Test_116,0.395,0.03,0.505,0.07
Test_117,0.035,0.075,0.2666121336059986,0.6233878663940013
Test_118,0.465,0.05,0.16,0.325
Test_119,0.43,0.27,0.19,0.11
Test_120,0.21,0.01,0.335,0.445
Test_121,0.43,0.045,0.25,0.275
Test_122,0.395,0.065,0.145,0.395
Test_123,0.08,0.01,0.045,0.865
Test_124,0.055,0.2647846134520944,0.2958308216743988,0.38438456487350675
Test_125,0.325,0.015,0.465,0.195
Test_126,0.185,0.385,0.275,0.155
Test_127,0.17,0.01,0.345,0.475
Test_128,0.165,0.01,0.815,0.01
Test_129,0.3811342312706444,0.08434552989803538,0.24220419893527265,0.2923160398960476
Test_130,0.20108841700747795,0.04,0.39753276673948507,0.36137881625303697
Test_131,0.0825718352994713,0.005,0.24518977731194583,0.6672383873885829
Test_132,0.48,0.03,0.145,0.345
Test_133,0.24,0.005,0.115,0.64
Test_134,0.43,0.05,0.4,0.12
Test_135,0.725,0.155,0.035,0.085
Test_136,0.14,0.1,0.4701307923321153,0.28986920766788477
Test_137,0.0961261527111767,0.08434552989803538,0.2562131357618069,0.5633151816289811
Test_138,0.6,0.01,0.29,0.1
Test_139,0.385,0.015,0.55,0.05
Test_140,0.72,0.08,0.045,0.155
Test_141,0.3523894813664344,0.125,0.33141830382917137,0.19119221480439433
Test_142,0.175,0.095,0.29,0.44
Test_143,0.405,0.035,0.36,0.2
Test_144,0.3252978187919463,0.03,0.5047021812080537,0.14
Test_145,0.615,0.045,0.125,0.215
Test_146,0.4,0.125,0.37,0.105
Test_147,0.475,0.02,0.235,0.27
Test_148,0.3926693002257336,0.19,0.305,0.11233069977426638
Test_149,0.38766930022573365,0.035,0.52,0.05733069977426636
Test_150,0.315,0.07,0.17,0.445
Test_151,0.32332922333621,0.02,0.45125002057327607,0.20542075609051388
Test_152,0.53,0.09,0.125,0.255
Test_153,0.2206126377978581,0.044334584976407854,0.6079130781938913,0.12713969903184272
Test_154,0.445,0.015,0.2,0.34
Test_155,0.07,0.055,0.215,0.66
Test_156,0.4157069108962206,0.08399937260464546,0.24529371649913392,0.255
Test_157,0.16,0.015,0.315,0.51
Test_158,0.08334949521116305,0.075,0.16347362437313948,0.6781768804156973
Test_159,0.64,0.005,0.14,0.215
Test_160,0.665,0.01,0.035,0.29
Test_161,0.19,0.065,0.5415557865557865,0.20344421344421346
Test_162,0.125,0.01,0.52,0.345
Test_163,0.49,0.03,0.065,0.415
Test_164,0.07726038398182103,0.14496171194797022,0.2680548317237368,0.5097230723464721
Test_165,0.26716475972540044,0.06,0.48,0.19283524027459953
Test_166,0.2105275087412862,0.04,0.4800682583357464,0.2694042329229674
Test_167,0.425,0.03,0.08014892947103273,0.46485107052896724
Test_168,0.22755557676024196,0.02,0.483677157146456,0.26876726609330204
Test_169,0.3568489420765477,0.036600764515154864,0.4445987224427143,0.16195157096558305
Test_170,0.44686606229030096,0.055,0.4108994813394908,0.08723445637020816
Test_171,0.2473808675410721,0.15634283828196488,0.41534368873166605,0.180932605445297
Test_172,0.72,0.025,0.065,0.19
Test_173,0.27999631354365556,0.07634283828196488,0.19733562616455452,0.44632522200982505
Test_174,0.055897597977243994,0.075,0.29425133149378874,0.5748510705289672
Test_175,0.0804187672417381,0.1504423032926727,0.26140751570801607,0.5077314137575732
Test_176,0.5926693002257336,0.08,0.085,0.24233069977426638
Test_177,0.095,0.0,0.15,0.755
Test_178,0.18724715740259945,0.016600764515154864,0.575582735114092,0.2205693429681537
Test_179,0.6926038835167492,0.05684144502126272,0.08527047381600035,0.1652841976459877
Test_180,0.0877648332813749,0.09949630521496887,0.3566379091924163,0.45610095231124
Test_181,0.06,0.045,0.22014892947103273,0.6748510705289672
Test_182,0.65,0.065,0.09,0.195
Test_183,0.7229420147233603,0.01,0.1566298485321902,0.11042813674444954
Test_184,0.34681982803957745,0.12352053946621083,0.4135617272368869,0.11609790525732486
Test_185,0.585,0.1,0.235,0.08
Test_186,0.725,0.025,0.075,0.175
Test_187,0.29,0.015,0.61,0.085
Test_188,0.2111535935206255,0.04482644286513751,0.48068795055623936,0.26333201305799764
Test_189,0.7768783068783068,0.005,0.1631216931216931,0.055
Test_190,0.45,0.065,0.435,0.05
Test_191,0.34047465001711474,0.05946630873907446,0.4979302266232739,0.10212881462053681
Test_192,0.06644568258829463,0.04,0.30617865107315806,0.5873756663385472
Test_193,0.12202199072370518,0.09232914950516724,0.45512588026748896,0.3305229795036386
Test_194,0.4226038835167492,0.17684144502126273,0.10527047381600037,0.2952841976459877
Test_195,0.2550708693286078,0.13897689174558028,0.21555491631875942,0.3903973226070525
Test_196,0.7,0.045,0.055,0.2
Test_197,0.26,0.355,0.275,0.11
Test_198,0.54,0.035,0.095,0.33
Test_199,0.36079023561420975,0.075,0.45262017101069757,0.11158959337509267
Test_200,0.25,0.09,0.18,0.48
Test_201,0.075,0.0,0.11,0.815
Test_202,0.11557625582993193,0.004444561337237602,0.5700050534010426,0.30997412943178787
Test_203,0.105,0.005,0.055,0.835
Test_204,0.33506092226851786,0.135,0.2465018864747693,0.28343719125671285
Test_205,0.235,0.01,0.095,0.66
Test_206,0.19,0.0,0.53,0.28
Test_207,0.525,0.02,0.35,0.105
Test_208,0.59,0.05,0.14,0.22
Test_209,0.66,0.015,0.065,0.26
Test_210,0.21,0.025,0.5282778932778932,0.23672210672210675
Test_211,0.3192113861817756,0.025,0.5072916948687071,0.14849691894951736
Test_212,0.555,0.04,0.32,0.085
Test_213,0.48,0.005,0.2,0.315
Test_214,0.36677342170078786,0.16933150183150183,0.085,0.37889507646771037
Test_215,0.5918206312548113,0.015,0.305,0.0881793687451886
Test_216,0.375,0.0,0.56,0.065
Test_217,0.085,0.03,0.2844337767067828,0.6005662232932172
Test_218,0.46,0.025,0.405,0.11
Test_219,0.4801571200860137,0.029444561337237603,0.3852611291570369,0.10513718941971177
Test_220,0.075,0.035,0.24,0.65
Test_221,0.525,0.01,0.315,0.15
Test_222,0.64,0.08,0.065,0.215
Test_223,0.315,0.075,0.235,0.375
Test_224,0.46,0.09,0.325,0.125
Test_225,0.1306396688799747,0.09,0.5954041165972458,0.18395621452277947
Test_226,0.315,0.06,0.23,0.395
Test_227,0.07601773899588243,0.05110771831626484,0.36561580590293713,0.5072587367849156
Test_228,0.18029781879194628,0.06,0.7079800744859469,0.051722106722106725
Test_229,0.005,0.0,0.045,0.95
Test_230,0.17,0.05,0.245,0.535
Test_231,0.07156352312200774,0.075,0.2525263499584867,0.6009101269195055
Test_232,0.6,0.16,0.05,0.19
Test_233,0.405,0.0,0.495,0.1
Test_234,0.495,0.055,0.275,0.175
Test_235,0.345,0.115,0.225,0.315
Test_236,0.205,0.015,0.46413172606568837,0.31586827393431166
Test_237,0.08644568258829462,0.07,0.3010297216021253,0.54252459580958
Test_238,0.2994723517088221,0.02,0.5455399148719142,0.1349877334192638
Test_239,0.20891544117647057,0.185,0.33993008727881396,0.26615447154471544
Test_240,0.08983872609792046,0.21966655044026545,0.3545599433110467,0.3359347801507674
Test_241,0.0,0.005,0.06,0.935
Test_242,0.635,0.02,0.195,0.15
Test_243,0.2936565379857445,0.115,0.37057239836034667,0.22077106365390883
Test_244,0.06853233830845772,0.015,0.1464676616915423,0.77
Test_245,0.655,0.03,0.195,0.12
Test_246,0.385,0.01,0.155,0.45
Test_247,0.05144568258829462,0.055,0.2313275805441908,0.6622267368675145
Test_248,0.645,0.025,0.13,0.2
Test_249,0.175,0.015,0.11,0.7
Test_250,0.745,0.0,0.04,0.215
Test_251,0.13,0.015,0.27,0.585
Test_252,0.475,0.105,0.29,0.13
Test_253,0.61,0.055,0.08,0.255
Test_254,0.35346522700747657,0.04482644286513751,0.5294742223267133,0.07223410780067276
Test_255,0.1423120241229567,0.015,0.3866319806342067,0.4560559952428365
Test_256,0.13,0.03,0.085,0.755
Test_257,0.445,0.09,0.385,0.08
Test_258,0.15974318134782722,0.11970483849229525,0.3605876752370291,0.3599643049228483
Test_259,0.52,0.1,0.245,0.135
Test_260,0.20847148730606813,0.04,0.4702176537373493,0.2813108589565826
Test_261,0.25,0.035,0.295,0.42
Test_262,0.1817651465158383,0.045,0.3584574773273878,0.41477737615677385
Test_263,0.3,0.025,0.41,0.265
Test_264,0.675,0.005,0.22,0.1
Test_265,0.82,0.015,0.03,0.135
Test_266,0.095,0.095,0.4937030271398747,0.31629697286012526
Test_267,0.645,0.005,0.31,0.04
Test_268,0.13902632195449724,0.06944990665828576,0.36663165062145514,0.4248921207657619
Test_269,0.62,0.01,0.235,0.135
Test_270,0.465,0.005,0.405,0.125
Test_271,0.04,0.005,0.045,0.91
Test_272,0.425,0.005,0.185,0.385
Test_273,0.2451395257541173,0.045,0.5090501048670515,0.20081036937883115
Test_274,0.295,0.33,0.105,0.27
Test_275,0.565,0.085,0.25,0.1
Test_276,0.025,0.03,0.025,0.92
Test_277,0.54,0.015,0.24,0.205
Test_278,0.045,0.01,0.19370302713987475,0.7512969728601253
Test_279,0.445,0.065,0.395,0.095
Test_280,0.234913977729343,0.23926232063362463,0.22715226391191146,0.29867143772512095
Test_281,0.09875870158742978,0.1297217987804878,0.425230923061413,0.34628857657066947
Test_282,0.4302403433002611,0.12184144502126273,0.15673813550754265,0.2911800761709335
Test_283,0.51,0.02,0.23,0.24
Test_284,0.5026693002257336,0.17,0.22,0.10733069977426636
Test_285,0.105,0.02,0.5088455284552845,0.3661544715447155
Test_286,0.345,0.01,0.49,0.155
Test_287,0.04,0.02,0.105,0.835
Test_288,0.25,0.015,0.345,0.39
Test_289,0.315,0.07,0.2784475218658892,0.3365524781341108
Test_290,0.07707843329720783,0.09,0.20513366902015143,0.6277878976826408
Test_291,0.208420632666091,0.07,0.44448764142766,0.2770917259062489
Test_292,0.36,0.045,0.455,0.14
Test_293,0.02759956712281018,0.09,0.20172655401671566,0.6806738788604741
Test_294,0.585,0.065,0.05,0.3
Test_295,0.47,0.065,0.08,0.385
Test_296,0.06,0.06,0.05,0.83
Test_297,0.055,0.0,0.035,0.91
Test_298,0.08,0.01,0.345,0.565
Test_299,0.63,0.2,0.055,0.115
Test_300,0.14,0.03,0.475,0.355
Test_301,0.27,0.02,0.44,0.27
Test_302,0.3342113861817756,0.03,0.28729169486870704,0.34849691894951734
Test_303,0.20661630670716122,0.02,0.359373225815371,0.4140104674774678
Test_304,0.565,0.1,0.14,0.195
Test_305,0.75,0.04,0.07,0.14
Test_306,0.025534643661106315,0.015,0.4419068805768006,0.517558475762093
Test_307,0.375,0.225,0.285,0.115
Test_308,0.16966803287273918,0.026342838281964882,0.4307171945942653,0.37327193425103067
Test_309,0.33,0.01,0.07596099146688338,0.5840390085331166
Test_310,0.085,0.045,0.06,0.81
Test_311,0.32,0.0,0.615,0.065
Test_312,0.09,0.005,0.295,0.61
Test_313,0.06644568258829463,0.06,0.22212710725142543,0.6514272101602799
Test_314,0.03,0.0,0.1,0.87
Test_315,0.015,0.065,0.23150203409481498,0.6884979659051851
Test_316,0.4,0.025,0.395,0.18
Test_317,0.09471984805318139,0.0,0.717103881639554,0.18817627030726466
Test_318,0.75,0.045,0.04,0.165
Test_319,0.28482411505264216,0.0940363403237971,0.35082286585185984,0.27031667877170096
Test_320,0.305,0.01,0.565,0.12
Test_321,0.3977307692307693,0.07,0.3472692307692308,0.185
Test_322,0.3556821093829672,0.115,0.44166828262350016,0.08764960799353261
Test_323,0.545,0.025,0.17,0.26
Test_324,0.715,0.025,0.195,0.065
Test_325,0.255,0.025,0.22,0.5
Test_326,0.43,0.005,0.11,0.455
Test_327,0.28303277712124236,0.065,0.2946048770075269,0.35736234587123067
Test_328,0.515,0.055,0.14,0.29
Test_329,0.4477401695543414,0.07415687774160054,0.13043692134146545,0.34766603136259255
Test_330,0.10225808673171784,0.055,0.19237991440387095,0.6503619988644113
Test_331,0.395,0.01,0.505,0.09
Test_332,0.14011088077802664,0.024704838492295253,0.5757813614459969,0.25940291928368125
Test_333,0.56,0.05,0.275,0.115
Test_334,0.465,0.025,0.275,0.235
Test_335,0.19784454097931736,0.065,0.5278758432792791,0.20927961574140347
Test_336,0.23413874378342484,0.1102778127701195,0.3601016626825846,0.29548178076387105
Test_337,0.38,0.045,0.42,0.155
Test_338,0.35998965563735963,0.01,0.4532244820238988,0.17678586233874152
Test_339,0.775,0.025,0.04,0.16
Test_340,0.215,0.03,0.57,0.185
Test_341,0.2685323383084577,0.3,0.13646766169154229,0.295
Test_342,0.2009398876463328,0.13134283828196489,0.37538350712222274,0.29233376694947955
Test_343,0.195,0.02,0.19,0.595
Test_344,0.195,0.03,0.1,0.675
Test_345,0.465,0.02,0.42,0.095
Test_346,0.55,0.035,0.075,0.34
Test_347,0.215,0.035,0.085,0.665
Test_348,0.12762598085877733,0.09610771831626483,0.4059023933866646,0.37036390743829317
Test_349,0.01,0.02,0.015,0.955
Test_350,0.1302217215287168,0.075,0.4156963596445727,0.3790819188267105
Test_351,0.035,0.005,0.175,0.785
Test_352,0.505,0.095,0.185,0.215
Test_353,0.495,0.02,0.355,0.13
Test_354,0.565,0.005,0.34,0.09
Test_355,0.31,0.005,0.605,0.08
Test_356,0.795,0.02,0.11,0.075
Test_357,0.53,0.055,0.26,0.155
Test_358,0.3257344577767073,0.05982644286513751,0.5122049915574824,0.10223410780067275
Test_359,0.205,0.07,0.035,0.69
Test_360,0.2036271619349424,0.095,0.39350388424662525,0.3078689538184324
Test_361,0.21,0.04,0.385,0.365
Test_362,0.335,0.035,0.385,0.245
Test_363,0.565,0.025,0.28,0.13
Test_364,0.395,0.16,0.295,0.15
Test_365,0.4357069108962206,0.028999372604645454,0.05116657126938673,0.48412714522974715
Test_366,0.57,0.06,0.115,0.255
Test_367,0.26266930022573365,0.03,0.345,0.36233069977426635
Test_368,0.23233227794758624,0.02,0.2676293832902472,0.4800383387621665
Test_369,0.08,0.005,0.07,0.845
Test_370,0.3,0.08,0.38,0.24
Test_371,0.215,0.045,0.4887030271398747,0.25129697286012526
Test_372,0.36151198471958823,0.02,0.398681193109541,0.21980682217087075
Test_373,0.235,0.035,0.3482778932778933,0.38172210672210677
Test_374,0.5057069108962206,0.06399937260464546,0.08029371649913392,0.35
Test_375,0.08,0.01,0.605,0.305
Test_376,0.545,0.035,0.13,0.29
Test_377,0.30002014733340215,0.015,0.33884925916344466,0.3461305935031532
Test_378,0.7935752772680874,0.01,0.13087382501581257,0.06555089771610002
Test_379,0.495,0.085,0.095,0.325
Test_380,0.235,0.025,0.425,0.315
Test_381,0.18,0.09,0.13,0.6
Test_382,0.48033860045146726,0.05934552989803539,0.08531913851363841,0.37499673113685894
Test_383,0.645,0.09,0.21,0.055
Test_384,0.484897860351021,0.005,0.20879939616494536,0.30130274348403363
Test_385,0.3580808151134554,0.03,0.22503002350648946,0.3868891613800551
Test_386,0.22,0.01,0.16,0.61
Test_387,0.12,0.01,0.4412041751527495,0.4287958248472505
Test_388,0.56,0.165,0.07,0.205
Test_389,0.3,0.14,0.405,0.155
Test_390,0.3147168973725225,0.015,0.43608006834561164,0.23420303428186579
Test_391,0.625,0.015,0.19,0.17
Test_392,0.12,0.05,0.5658645704563688,0.26413542954363123
Test_393,0.06,0.0,0.095,0.845
Test_394,0.3633821944262664,0.03,0.38028871265372144,0.22632909292001208
Test_395,0.2955790147326226,0.03,0.40456590979935725,0.2698550754680202
Test_396,0.105,0.005,0.46055214007782097,0.42944785992217904
Test_397,0.155,0.015,0.295,0.535
Test_398,0.03,0.06,0.095,0.815
Test_399,0.28027393986260185,0.105,0.16113820083757094,0.45358785929982726
Test_400,0.1,0.065,0.495,0.34
Test_401,0.54,0.015,0.265,0.18
Test_402,0.1721788013426415,0.06080914702103934,0.21481701934654118,0.552195032289778
Test_403,0.29143145161290324,0.05985028712059065,0.4218464416649901,0.2268718196015161
Test_404,0.3313445620119914,0.005,0.481036228170304,0.18261920981770455
Test_405,0.115,0.12,0.18079952670723462,0.5842004732927655
Test_406,0.01,0.065,0.17,0.755
Test_407,0.10027393986260183,0.115,0.3262871303086037,0.45843892982879453
Test_408,0.2946507404679196,0.08134283828196487,0.26733586413864285,0.35667055711147255
Test_409,0.19,0.015,0.5674381443298969,0.2275618556701031
Test_410,0.025,0.025,0.15434813687796103,0.795651863122039
Test_411,0.795,0.0,0.17,0.035
Test_412,0.625,0.035,0.095,0.245
Test_413,0.515,0.06,0.13,0.295
Test_414,0.31,0.005,0.475,0.21
Test_415,0.725,0.06,0.045,0.17
Test_416,0.03,0.015,0.045,0.91
Test_417,0.17,0.01,0.815,0.005
Test_418,0.44380552205094054,0.14184144502126272,0.14173813550754263,0.272614897420254
Test_419,0.2553277989263055,0.045,0.5588135480722304,0.14085865300146413
Test_420,0.22,0.1,0.3312041751527495,0.34879582484725047
Test_421,0.11,0.0,0.115,0.775
Test_422,0.6,0.09,0.1,0.21
Test_423,0.64,0.045,0.055,0.26
Test_424,0.3030790713108446,0.045,0.5384518562658411,0.11346907242331426
Test_425,0.1,0.045,0.17014892947103274,0.6848510705289672
Test_426,0.595,0.01,0.355,0.04
Test_427,0.06,0.0,0.37,0.57
Test_428,0.215,0.01,0.35,0.425
Test_429,0.020085129056571907,0.06933458497640785,0.2039859913279166,0.7065942946391037
Test_430,0.525,0.085,0.31,0.08
Test_431,0.3907069108962206,0.058344902502680845,0.14061285501277232,0.4103353315883262
Test_432,0.435,0.145,0.125,0.295
Test_433,0.025,0.005,0.215,0.755
Test_434,0.165,0.005,0.185,0.645
Test_435,0.3613977075980555,0.01,0.46616147532796165,0.1624408170739828
Test_436,0.185,0.03,0.4422463194554377,0.3427536805445623
Test_437,0.565,0.03,0.26,0.145
Test_438,0.185,0.005,0.08,0.73
Test_439,0.4776038835167492,0.05684144502126273,0.08027047381600036,0.38528419764598765
Test_440,0.2106396688799747,0.1,0.5354041165972458,0.15395621452277947
Test_441,0.245,0.045,0.495,0.215
Test_442,0.10903432423862537,0.02,0.5206591380699752,0.35030653769139947
Test_443,0.54,0.105,0.24,0.115
Test_444,0.31656331247025293,0.045,0.4005393115549921,0.2378973759747549
Test_445,0.74,0.045,0.02,0.195
Test_446,0.285,0.05,0.43,0.235
Test_447,0.3502978187919463,0.0,0.5871403255379506,0.0625618556701031
Test_448,0.2097531380753138,0.075,0.3963880333944578,0.31885882853022834
Test_449,0.6776693002257336,0.09,0.135,0.09733069977426637
Test_450,0.35,0.12,0.3,0.23
Test_451,0.155,0.135,0.13,0.58
Test_452,0.255,0.0,0.125,0.62
Test_453,0.145,0.045,0.51,0.3
Test_454,0.45,0.155,0.16,0.235
Test_455,0.15,0.04,0.465,0.345
Test_456,0.15773076923076923,0.07,0.23226923076923076,0.54
Test_457,0.17773076923076922,0.015,0.4172692307692308,0.39
Test_458,0.14623273390669794,0.065,0.40856092193653,0.38020634415677207
Test_459,0.47,0.055,0.195,0.28
Test_460,0.12,0.01,0.06,0.81
Test_461,0.09169413011491638,0.025,0.4264426343928488,0.4568632354922348
Test_462,0.47,0.075,0.11,0.345
Test_463,0.03,0.0,0.035,0.935
Test_464,0.5668783068783069,0.02,0.3581216931216932,0.055
Test_465,0.69,0.0,0.23,0.08
Test_466,0.39,0.13,0.11,0.37
Test_467,0.32614518472041304,0.08,0.4478548971199029,0.14599991815968408
Test_468,0.295,0.04,0.45,0.215
Test_469,0.6818206312548114,0.005,0.2,0.11317936874518861
Test_470,0.09,0.045,0.16014892947103274,0.7048510705289672
Test_471,0.465,0.07,0.275,0.19
Test_472,0.1406396688799747,0.0,0.7471262233193525,0.11223410780067276
Test_473,0.08113423127064433,0.08,0.1388259713777278,0.7000397973516279
Test_474,0.3549963135436556,0.036342838281964884,0.18733562616455451,0.4213252220098251
Test_475,0.11348050036791758,0.059814249363867686,0.28731129974699554,0.5393939505212192
Test_476,0.07,0.0,0.155,0.775
Test_477,0.015,0.015,0.05,0.92
Test_478,0.075,0.03,0.1,0.795
Test_479,0.027669300225733634,0.044496305214968876,0.4179172853509223,0.5099171092083752
Test_480,0.41,0.02,0.125,0.445
Test_481,0.375,0.345,0.085,0.195
Test_482,0.3052484475266218,0.055,0.15541291279072347,0.4843386396826548
Test_483,0.52,0.03,0.42,0.03
Test_484,0.29910424877462605,0.025,0.3738780211058318,0.3020177301195422
Test_485,0.385,0.015,0.485,0.115
Test_486,0.005,0.005,0.01,0.98
Test_487,0.68,0.165,0.06,0.095
Test_488,0.24424693726626523,0.12,0.3541327111848909,0.28162035154884385
Test_489,0.0709418551237978,0.08950695380110997,0.417823441295251,0.4217277497798412
Test_490,0.6,0.085,0.145,0.17
Test_491,0.3334032907081192,0.055,0.2645409913602617,0.3470557179316191
Test_492,0.085,0.005,0.215,0.695
Test_493,0.46,0.095,0.16,0.285
Test_494,0.35268659263055313,0.06,0.3053878721708225,0.2819255351986243
Test_495,0.16624410764242,0.07906008583690988,0.46031398760917597,0.29438181891149406
Test_496,0.42867919818528727,0.075,0.32056048581998525,0.1757603159947275
Test_497,0.12524844752662176,0.04,0.3947603392613117,0.4399912132120665
Test_498,0.505,0.0,0.435,0.06
Test_499,0.37,0.06,0.245,0.325
Test_500,0.48,0.105,0.35,0.065
Test_501,0.425,0.005,0.365,0.205
Test_502,0.4526693002257336,0.05,0.285,0.21233069977426638
Test_503,0.4457069108962206,0.028999372604645454,0.04529371649913392,0.48
Test_504,0.445,0.105,0.165,0.285
Test_505,0.14,0.135,0.1735530445620922,0.5514469554379078
Test_506,0.27961752890562663,0.055,0.2864895911342548,0.3788928799601186
Test_507,0.29,0.01,0.14,0.56
Test_508,0.09508512905657192,0.09433458497640786,0.3402829641880418,0.4702973217789784
Test_509,0.34989487873718983,0.07,0.3597623173213195,0.22034280394149067
Test_510,0.63,0.055,0.055,0.26
Test_511,0.055,0.035,0.21,0.7
Test_512,0.3484805003679176,0.065,0.445,0.14151949963208243
Test_513,0.225,0.135,0.085,0.555
Test_514,0.2691189327298067,0.23335482159637425,0.31788274517670223,0.17964350049711675
Test_515,0.2856993456482929,0.0957024874047719,0.18297597704174748,0.43562218990518775
Test_516,0.31155373722254265,0.14,0.3014676616915423,0.24697860108591507
Test_517,0.02,0.0,0.045,0.935
Test_518,0.2,0.115,0.13,0.555
Test_519,0.42,0.08,0.45,0.05
Test_520,0.555,0.15,0.065,0.23
Test_521,0.26266930022573365,0.015,0.305,0.4173306997742664
Test_522,0.165,0.045,0.64,0.15
Test_523,0.41,0.19,0.33,0.07
Test_524,0.2967299786896716,0.11948807782929333,0.4665344071846168,0.1172475362964183
Test_525,0.27594941592816885,0.12600075768215233,0.4571172209443818,0.14093260544529695
Test_526,0.36682063125481135,0.035,0.13,0.4681793687451886
Test_527,0.485,0.015,0.29,0.21
Test_528,0.48,0.035,0.345,0.14
Test_529,0.12653619370816233,0.049506953801109976,0.42510781853450963,0.39884903395621807
Test_530,0.33,0.015,0.38327789327789324,0.2717221067221067
Test_531,0.3368206312548114,0.035,0.155,0.4731793687451886
Test_532,0.16527393986260183,0.12,0.17613820083757095,0.5385878592998272
Test_533,0.24760388351674922,0.2668414450212627,0.15027047381600034,0.33528419764598766
Test_534,0.1134055033076369,0.03,0.5639651217022724,0.2926293749900906
Test_535,0.13,0.06,0.602438144329897,0.2075618556701031
Test_536,0.43,0.01,0.085,0.475
Test_537,0.6526693002257337,0.09,0.155,0.10233069977426636
Test_538,0.13402107686676176,0.045,0.5196090772430303,0.301369845890208
Test_539,0.59,0.01,0.33,0.07
Test_540,0.1679778687348394,0.035,0.6437897350834771,0.1532323961816834
Test_541,0.3507688066822585,0.025,0.36707492374216033,0.2571562695755812
Test_542,0.51,0.045,0.23,0.215
Test_543,0.32,0.04,0.165,0.475
Test_544,0.165665878959316,0.02,0.47044625716578126,0.3438878638749028
Test_545,0.75,0.065,0.05,0.135
Test_546,0.3626693002257336,0.28,0.2,0.15733069977426636
Test_547,0.2544917066980023,0.045,0.32888549607837475,0.3716227972236229
Test_548,0.155,0.1,0.245,0.5
Test_549,0.01,0.03,0.025,0.935
Test_550,0.09613423127064434,0.09,0.20688506042163424,0.6069807083077214
Test_551,0.45,0.125,0.27,0.155
Test_552,0.65,0.055,0.085,0.21
Test_553,0.2585323383084577,0.02,0.2864676616915423,0.435
Test_554,0.475,0.13,0.125,0.27
Test_555,0.435,0.16,0.155,0.25
Test_556,0.6376693002257336,0.03,0.145,0.1873306997742664
Test_557,0.43,0.015,0.165,0.39
Test_558,0.275,0.13,0.09,0.505
Test_559,0.545,0.02,0.29,0.145
Test_560,0.21593433275607818,0.029331501831501836,0.45294231619730146,0.30179184921511837
Test_561,0.365,0.03,0.22,0.385
Test_562,0.415,0.015,0.16587285477025282,0.4041271452297472
Test_563,0.47,0.02,0.425,0.085
Test_564,0.535,0.045,0.135,0.285
Test_565,0.2682103469186835,0.03,0.4950007029420085,0.206788950139308
Test_566,0.30070691089622065,0.05899937260464545,0.07029371649913392,0.57
Test_567,0.21,0.07,0.24306664937759337,0.47693335062240666
Test_568,0.205,0.03,0.265,0.5
Test_569,0.2255275087412862,0.03,0.4526301140058495,0.29184237725286427
Test_570,0.385,0.03,0.365,0.22
Test_571,0.57,0.105,0.18,0.145
Test_572,0.12144568258829462,0.02,0.3410297216021253,0.51752459580958
Test_573,0.55,0.065,0.105,0.28
Test_574,0.28127927927927926,0.085,0.5015170553349685,0.1322036653857523
Test_575,0.14613423127064432,0.04,0.2563045885692633,0.5575611801600924
Test_576,0.2855275087412862,0.1,0.3726301140058495,0.24184237725286428
Test_577,0.10701799235526688,0.16446630873907445,0.24177613790074332,0.4867395610049154
Test_578,0.38,0.03,0.515,0.075
Test_579,0.42766930022573363,0.025,0.46,0.08733069977426636
Test_580,0.3491027860093736,0.04,0.42195146088755126,0.1889457531030751
Test_581,0.34,0.2,0.34,0.12
Test_582,0.125,0.03,0.125,0.72
Test_583,0.27566236952366535,0.07,0.322922555076605,0.3314150753997297
Test_584,0.33,0.035,0.58,0.055
Test_585,0.085,0.025,0.4850912861422752,0.4049087138577248
Test_586,0.39,0.135,0.11,0.365
Test_587,0.105,0.05,0.125,0.72
Test_588,0.525,0.005,0.19,0.28
Test_589,0.39,0.045,0.08,0.485
Test_590,0.28515642803774827,0.1,0.23432899159820675,0.38051458036404495
Test_591,0.285,0.05,0.62,0.045
Test_592,0.435,0.005,0.35,0.21
Test_593,0.09182771235049961,0.07884153877751783,0.3322382756004114,0.49709247327157113
Test_594,0.39,0.04,0.105,0.465
Test_595,0.08,0.015,0.125,0.78
Test_596,0.065,0.115,0.2873473049143144,0.5326526950856855
Test_597,0.075,0.05,0.155,0.72
Test_598,0.285,0.015,0.22,0.48
Test_599,0.625,0.015,0.055,0.305
Test_600,0.32,0.02,0.14,0.52
Test_601,0.13613423127064433,0.08934552989803539,0.28720419893527266,0.48731603989604766
Test_602,0.16847948881437402,0.13611879959380277,0.2653016840194409,0.43010002757238225
Test_603,0.050085129056571906,0.06933458497640785,0.2752829641880418,0.6052973217789784
Test_604,0.39,0.0,0.595,0.015
Test_605,0.35,0.035,0.545,0.07
Test_606,0.48,0.015,0.19,0.315
Test_607,0.425,0.035,0.125,0.415
Test_608,0.84,0.04,0.055,0.065
Test_609,0.225,0.03,0.54,0.205
Test_610,0.18,0.045,0.10094845617826737,0.6740515438217326
Test_611,0.335,0.08,0.105,0.48
Test_612,0.375,0.055,0.49,0.08
Test_613,0.07162849756333117,0.005,0.3818505557988045,0.5415209466378643
Test_614,0.115,0.07,0.15,0.665
Test_615,0.11,0.015,0.25,0.625
Test_616,0.04004425714655382,0.05900325901607885,0.24336043134552404,0.6575920524918434
Test_617,0.51,0.02,0.33,0.14
Test_618,0.07,0.035,0.24025445308864501,0.654745546911355
Test_619,0.12,0.015,0.065,0.8
Test_620,0.05,0.03,0.29,0.63
Test_621,0.33,0.0,0.625,0.045
Test_622,0.22030061854931834,0.05,0.17049961956083895,0.5591997618898428
Test_623,0.25134456201199146,0.025,0.38330426962725866,0.3403511683607499
Test_624,0.22,0.015,0.1,0.665
Test_625,0.2961261527111767,0.075,0.29616977130210254,0.3327040759867208
Test_626,0.1702544917142877,0.01,0.4942786841165011,0.32546682416921124
Test_627,0.835,0.025,0.08,0.06
Test_628,0.205,0.02,0.285,0.49
Test_629,0.4685752772680874,0.03,0.28587382501581254,0.21555089771610003
Test_630,0.65,0.01,0.195,0.145
Test_631,0.295,0.025,0.305,0.375
Test_632,0.305,0.025,0.225,0.445
Test_633,0.68,0.0,0.155,0.165
Test_634,0.035,0.005,0.005,0.955
Test_635,0.615,0.035,0.285,0.065
Test_636,0.1418206312548114,0.055,0.27827789327789326,0.5249014754672953
Test_637,0.24888531977149927,0.045,0.33167112671878923,0.3744435535097115
Test_638,0.535,0.065,0.2,0.2
Test_639,0.35,0.06,0.18,0.41
Test_640,0.12011088077802665,0.17905036839033067,0.2579415635732134,0.4428971872584293
Test_641,0.385,0.105,0.405,0.105
Test_642,0.13671701744238798,0.025,0.21561361796151726,0.6226693645960948
Test_643,0.21891544117647058,0.01,0.5685227031534263,0.2025618556701031
Test_644,0.2753112713157314,0.05,0.2590636614996342,0.4156250671846344
Test_645,0.49,0.015,0.32,0.175
Test_646,0.395,0.01,0.105,0.49
Test_647,0.49182063125481135,0.12433150183150182,0.085,0.29884786691368675
Test_648,0.40113423127064435,0.04,0.30533258228752347,0.2535331864418322
Test_649,0.075,0.005,0.81,0.11
Test_650,0.645,0.06,0.115,0.18
Test_651,0.05182063125481139,0.045,0.19,0.7131793687451886
Test_652,0.17123273390669794,0.0,0.4782376710371315,0.35052959505617054
Test_653,0.33019736110045544,0.07446630873907446,0.26176305770921393,0.3335732724512562
Test_654,0.235,0.005,0.71,0.05
Test_655,0.15202994810672257,0.05,0.31695207243825035,0.4810179794550271
Test_656,0.060437229685217544,0.14,0.27441360964614675,0.5251491606686356
Test_657,0.1155198792617384,0.005,0.3666286510202642,0.5128514697179974
Test_658,0.18644300351235935,0.0,0.7125570783279565,0.10099991815968408
Test_659,0.115,0.15449630521496888,0.17062807049205816,0.559875624292973
Test_660,0.3502978187919463,0.025,0.5197021812080537,0.105
Test_661,0.02,0.005,0.01,0.965
Test_662,0.155,0.015,0.125,0.705
Test_663,0.285,0.045,0.16,0.51
Test_664,0.385,0.025,0.09055214007782102,0.499447859922179
Test_665,0.30011088077802667,0.06970483849229525,0.3858228658518598,0.2443614148778183
Test_666,0.195,0.04,0.125,0.64
Test_667,0.21678246168139054,0.09927100420237511,0.5150420786032206,0.16890445551301383
Test_668,0.4585323383084577,0.095,0.1764676616915423,0.27
Test_669,0.205,0.075,0.205,0.515
Test_670,0.365,0.095,0.11,0.43
Test_671,0.39,0.07,0.165,0.375
Test_672,0.69,0.0,0.29,0.02
Test_673,0.035,0.01,0.060598431174089064,0.8944015688259109
Test_674,0.482066387662413,0.05651817500699088,0.32255292177360784,0.13886251555698828
Test_675,0.57,0.005,0.395,0.03
Test_676,0.2226693002257336,0.04,0.585,0.15233069977426636
Test_677,0.3468490194135201,0.01,0.20653650909010823,0.43661447149637167
Test_678,0.295,0.05,0.24306664937759337,0.41193335062240666
Test_679,0.15511088077802665,0.04436275789248269,0.4898047298310538,0.3107216314984369
Test_680,0.34208596329468577,0.046600764515154866,0.42390389886311153,0.18740937332704774
Test_681,0.32,0.04,0.16,0.48
Test_682,0.445,0.095,0.34,0.12
Test_683,0.1612948977309825,0.17449630521496887,0.34554540944503787,0.3186633876090108
Test_684,0.125,0.085,0.21081938266457914,0.5791806173354209
Test_685,0.725,0.005,0.08,0.19
Test_686,0.1522836806551422,0.07950695380110998,0.3985162204742086,0.3696931450695394
Test_687,0.315,0.035,0.53,0.12
Test_688,0.26659307547013056,0.09634283828196487,0.2848689063234422,0.3521951799244624
Test_689,0.11378078583507946,0.06,0.5019302780902998,0.3242889360746207
Test_690,0.08,0.025,0.255,0.64
Test_691,0.4953959085228988,0.005,0.18971935347109714,0.3098847380060041
Test_692,0.48353233830845765,0.07,0.12426399630579,0.3222036653857523
Test_693,0.33,0.395,0.145,0.13
Test_694,0.15,0.065,0.2757995267072346,0.5092004732927653
Test_695,0.52,0.11,0.22,0.15
Test_696,0.22,0.0,0.535,0.245
Test_697,0.04,0.035,0.155,0.77
Test_698,0.655,0.025,0.21,0.11
Test_699,0.250305376344086,0.05,0.41894949621963207,0.2807451274362818
Test_700,0.63,0.005,0.365,0.0
Test_701,0.1,0.025,0.18642499484807382,0.6885750051519262
Test_702,0.105,0.01,0.125,0.76
Test_703,0.3548161683507081,0.006600764515154864,0.4528419097793402,0.18574115735479688
Test_704,0.245,0.065,0.24,0.45
Test_705,0.725,0.1,0.065,0.11
Test_706,0.41,0.075,0.34327789327789326,0.17172210672210675
Test_707,0.1,0.005,0.12,0.775
Test_708,0.15266930022573363,0.03,0.27583344466640175,0.5414972551078646
Test_709,0.765,0.04,0.08,0.115
Test_710,0.025897597977243992,0.025,0.2194002609648215,0.7297021410579344
Test_711,0.65,0.03,0.09,0.23
Test_712,0.13,0.045,0.51,0.315
Test_713,0.12683493728327308,0.05,0.4260401689556481,0.39712489376107885
Test_714,0.0860293310831354,0.23933458497640786,0.22480624067909155,0.44982984326136516
Test_715,0.77,0.025,0.095,0.11
Test_716,0.13,0.005,0.415,0.45
Test_717,0.19687479443773917,0.05,0.4906673382528565,0.26245786730940435
Test_718,0.35789212034788626,0.04,0.3797505256695286,0.22235735398258513
Test_719,0.43,0.01,0.135,0.425
Test_720,0.1713492159999429,0.05660076451515486,0.4663321078993273,0.30571791158557493
Test_721,0.26,0.09,0.135,0.515
Test_722,0.32287114311464593,0.095,0.32266982817813444,0.25945902870721965
Test_723,0.715,0.01,0.215,0.06
Test_724,0.59,0.02,0.15,0.24
Test_725,0.36,0.025,0.56,0.055
Test_726,0.2565404793079928,0.04982290150412421,0.48409956992534087,0.2095370492625422
Test_727,0.735,0.01,0.085,0.17
Test_728,0.2768206312548114,0.085,0.135,0.5031793687451886
Test_729,0.555,0.065,0.36,0.02
Test_730,0.575,0.035,0.125,0.265
Test_731,0.5953386004514672,0.03,0.045,0.32966139954853274
Test_732,0.45,0.05,0.085,0.415
Test_733,0.0815207931187645,0.15720254072654577,0.33449200461852563,0.42678466153616407
Test_734,0.2300851290565719,0.09433458497640786,0.2252829641880418,0.4502973217789784
Test_735,0.58,0.04,0.19,0.19
Test_736,0.66,0.05,0.15,0.14
Test_737,0.045,0.005,0.185,0.765
Test_738,0.35,0.105,0.24,0.305
Test_739,0.52,0.015,0.31,0.155
Test_740,0.295,0.04,0.155,0.51
Test_741,0.375,0.145,0.11,0.37
Test_742,0.575,0.005,0.33,0.09
Test_743,0.186208269353384,0.055849792083074855,0.29972124034088865,0.4582206982226525
Test_744,0.685,0.2,0.045,0.07
Test_745,0.515,0.04,0.295,0.15
Test_746,0.315,0.045,0.115,0.525
Test_747,0.33,0.1,0.47,0.1
Test_748,0.22539576365663322,0.045,0.30960423634336676,0.42
Test_749,0.205,0.045,0.4,0.35
Test_750,0.3221647597254005,0.065,0.4,0.21283524027459955
Test_751,0.7,0.065,0.035,0.2
Test_752,0.215,0.0,0.255,0.53
Test_753,0.08137460023779845,0.045,0.4147585090120063,0.45886689075019516
Test_754,0.02,0.015,0.055,0.91
Test_755,0.4112310107219395,0.036667887886400234,0.35181690374567254,0.2002841976459877
Test_756,0.425,0.04,0.43243814432989697,0.10256185567010309
Test_757,0.4,0.015,0.425,0.16
Test_758,0.29,0.01,0.305,0.395
Test_759,0.56,0.02,0.24,0.18
Test_760,0.535,0.08,0.21,0.175
Test_761,0.635,0.025,0.09,0.25
Test_762,0.1443316967600804,0.049506953801109976,0.424852305365327,0.3813090440734827
Test_763,0.535,0.05,0.27,0.145
Test_764,0.76,0.035,0.19,0.015
Test_765,0.41,0.015,0.52,0.055
Test_766,0.3205666666442438,0.1,0.32039677371609815,0.259036559639658
Test_767,0.395,0.1,0.22,0.285
Test_768,0.38942451477156065,0.06684144502126271,0.28527047381600035,0.2584635663911763
Test_769,0.44410412147505424,0.024820014003979755,0.07511799497729393,0.45595786954367207
Test_770,0.2003529695632691,0.105,0.3164676616915423,0.37817936874518865
Test_771,0.4880450557202803,0.03160076451515487,0.33740674446524577,0.14294743529931916
Test_772,0.47,0.07867703172953722,0.08031913851363841,0.37100382975682433
Test_773,0.525,0.045,0.305,0.125
Test_774,0.07169413011491638,0.03,0.38950928377044214,0.5087965861146414
Test_775,0.585,0.04,0.095,0.28
Test_776,0.43,0.18,0.055,0.335
Test_777,0.3625831547292907,0.025,0.28793488156969405,0.3244819637010153
Test_778,0.3172294543368869,0.085,0.18234240891866363,0.41542813674444956
Test_779,0.225,0.025,0.52,0.23
Test_780,0.335,0.105,0.23,0.33
Test_781,0.185,0.005,0.5374381443298969,0.2725618556701031
Test_782,0.10182063125481139,0.2,0.26,0.43817936874518865
Test_783,0.19594941592816886,0.21134283828196487,0.3267751403445693,0.265932605445297
Test_784,0.3202978187919463,0.005,0.6147021812080538,0.06
